-16.139303 4.108867
-23.030848 13.064863
12.027293 0.374293
-6.642233 -9.809728
7.410334 -3.741625
-15.184790 -12.920909
-6.145887 2.751676
-18.741831 2.855316
-4.953083 1.862295
3.594916 2.231056
-17.291172 6.327223
-22.168648 -3.009694
-13.456631 7.640199
-5.125076 15.102939
-6.094721 1.090428
2.371506 -11.904995
-15.336401 -11.645009
-16.118071 -3.958315
-5.265981 10.980508
0.587487 -7.724843
12.771827 0.692471
-24.024323 13.481950
1.076336 -6.112664
-6.709188 -9.938509
-8.085318 -1.089559
-16.141712 -7.337892
7.158864 -1.765718
-15.317752 8.334104
5.547571 -12.671227
-0.960948 -11.393373
-2.447134 -2.206145
-16.923132 -4.464148
-3.728064 12.511316
-0.269814 -9.909502
-21.369127 11.392462
-22.529240 -1.338217
-5.671940 12.057928
-21.944607 11.390049
8.003762 -7.924487
-4.255346 14.127550
-5.471578 -1.831900
-13.550694 -2.157043
5.701802 -7.271399
0.375360 -6.592515
-11.298429 5.996243
4.231549 -3.748069
-12.379411 0.121884
-20.921566 -1.043158
-12.282281 4.835612
-17.163160 4.453448
-16.971874 7.245396
-22.182087 15.144896
8.013165 -10.588031
0.044781 -7.728527
5.268989 -3.652264
-15.623533 -3.006730
-21.147345 16.619919
2.181885 -6.607642
10.798692 -0.985064
-8.085111 -8.990336
12.913322 1.654490
-4.919689 -11.163109
-6.987412 12.337165
-22.787514 13.654024
7.835010 3.133261
-22.080225 -2.598419
-7.126393 14.103045
-6.582778 -5.909500
-21.775764 17.788973
-20.447948 12.862983
-6.492138 1.413883
1.834488 -12.749125
-5.516745 0.312736
-6.521028 14.484628
-13.324986 5.823626
-21.683947 12.306528
-11.993788 -7.927827
-7.301497 -6.848412
-7.679410 -7.480096
-0.331395 -11.441381
-18.543961 12.821830
-21.635134 12.027590
-16.680611 -10.560345
-5.975162 15.042419
7.295835 -9.310482
-15.213508 -2.159883
-11.737077 7.040609
1.765603 -4.130287
-21.348299 16.595545
4.106422 2.503234
-5.043650 15.056338
2.508505 -13.124349
11.066854 -0.401052
-6.010741 13.972844
-13.883699 -3.457031
-20.762375 12.428857
5.251991 -7.771792
-14.996046 -2.614510
-13.443751 5.796365
-5.950364 -7.463279
-5.032611 4.111416
8.339787 -11.640556
-5.416856 0.460890
4.676210 -11.238351
-5.380645 2.608199
-8.390841 -7.050457
-4.930062 12.872337
-19.131536 4.250153
-21.619686 17.658121
-12.970224 -12.756756
12.480813 -2.570338
-18.173105 2.159925
-4.949015 -1.062086
-9.163058 -8.614150
-22.965137 16.366291
4.263890 1.409060
8.031624 -3.407021
-14.370402 -11.419848
-20.806107 14.319998
-24.359934 13.378763
5.534877 -12.398388
-22.415493 17.336166
-13.568105 -9.453586
1.709163 -12.339772
-5.708886 -3.273326
-13.634212 -2.069193
-5.134768 12.471521
3.505614 2.541402
-6.408412 -1.128549
-7.736484 13.397378
-13.995410 6.057948
3.505386 1.579661
-7.469629 0.226121
4.507793 -6.432595
-6.582070 3.765373
-19.378595 4.392906
-12.194620 6.556586
-12.154411 -4.278927
-18.506256 8.572997
5.103020 0.807037
-2.462880 -6.324576
-0.817750 -11.231561
6.696391 -0.439500
-14.318749 -12.394629
-11.426042 2.354476
-21.769329 -2.233680
-14.950144 -3.249576
-4.039857 11.903399
5.111445 -0.760019
-14.001490 7.206546
0.177506 -3.537726
-5.094255 14.595922
-6.637599 -2.152455
0.948709 -7.006849
8.984642 -10.097368
-6.961058 14.607146
-25.049158 15.128581
-19.612698 4.220869
11.355573 -7.155619
-14.603803 -12.271727
-7.450407 2.864622
-16.241879 -7.307220
8.082632 -3.421198
-4.943970 -11.226971
12.388553 0.881549
-6.392325 14.274273
5.733715 0.173690
1.937927 -4.046944
2.757583 -8.713368
-20.870054 12.423871
8.189938 -3.794561
-14.630925 -12.037093
8.950112 -10.578105
-22.297159 -2.829959
-5.106375 -2.868800
-22.040438 -2.113489
7.968657 -5.072445
-7.341207 -6.978246
-24.122164 10.171682
-18.677193 2.420017
-7.575751 -1.366345
-18.436275 1.932378
-17.171297 8.682642
3.881094 -4.071367
-5.351860 2.143502
3.078544 -12.920585
-1.779530 13.161198
-14.096284 -10.984041
-12.168336 1.029874
-14.200497 -12.233465
-12.868803 -10.777407
-21.874361 -2.318848
-21.371622 13.548394
2.621643 -13.161920
10.697605 0.144477
1.693670 -7.062077
10.535329 -7.801647
-16.235733 -4.390301
-12.405736 6.583847
-14.505210 -12.570293
-5.745431 2.291683
-6.653185 -9.986565
-15.384370 -4.277036
-18.547909 2.186249
-3.574226 11.737943
-8.800425 -9.583963
-22.629461 16.420507
-18.541920 1.744322
-7.982027 -3.455347
-21.892609 17.328865
-19.769995 14.453481
-6.518125 -3.676955
-2.909609 0.616726
-17.151039 -9.324883
8.548890 -9.501115
-18.763325 4.989439
-19.331312 13.985134
6.952544 0.488668
-2.557802 13.238559
-21.167791 2.470947
-13.870698 -7.142924
-3.505039 15.089271
12.566249 1.262197
3.837654 -11.802402
-13.294627 -4.632184
-16.616652 -0.977146
9.140329 -4.781612
4.110658 -5.223485
-11.401872 6.449803
-21.449842 17.210932
2.651424 -10.723662
-7.122056 -4.455698
-18.940075 12.157570
-18.403688 -9.044743
-20.265413 13.348705
-19.159468 4.668363
-20.219227 -0.549407
7.905564 0.731109
-3.442106 13.806560
-22.684067 0.504538
-8.037059 -2.086152
-1.728942 15.048825
-17.948071 5.598521
4.978297 -11.378933
-13.893243 10.253463
-15.148696 -2.573852
-21.992434 17.658104
3.922071 -5.503789
-6.096585 2.857582
-21.717556 17.457890
-2.279252 -2.248287
-8.043623 -3.866431
-12.497187 -10.015316
-18.622978 -9.450422
-17.091909 9.307729
-19.420948 4.666025
-8.742102 -4.845638
6.197232 1.180069
4.372273 -8.386106
-22.720882 0.422305
0.944266 14.897432
-5.103998 15.256728
-8.613333 11.645185
4.160808 -11.796676
12.718985 -1.162265
-15.628912 -1.877472
-12.871291 3.942057
4.958631 -5.098829
3.936616 -8.081390
-7.218555 -5.433934
-6.059716 -3.050716
6.113975 0.399150
7.552107 1.595460
-22.740400 0.483083
-8.076728 11.453294
6.680766 0.962297
-5.269915 -2.966826
-18.306520 -9.364589
-18.164339 7.863452
-18.572519 3.110862
4.554380 -4.418376
-19.081923 4.675310
12.510001 -2.537654
-22.193773 17.224245
-14.479845 9.543701
4.406210 -5.643609
-4.856919 13.579802
-22.893360 -0.070793
7.148643 -8.905860
6.434258 0.663287
-6.580841 -4.608871
-19.663982 4.923228
-4.104123 4.113035
-22.926100 14.826391
13.060032 1.308151
-15.186712 -4.520931
-20.987877 15.380794
6.192141 1.364824
-13.000076 7.312527
-3.252821 15.081109
-12.310178 -2.855908
3.919404 -11.181514
-7.493670 13.781383
-23.088072 13.645940
8.865661 -6.579456
2.253346 -11.003741
-16.400919 11.072842
3.305660 -10.286279
-18.856276 -9.594693
-7.450709 -6.347122
-4.657273 -0.652982
-4.468409 15.146294
-11.915675 -0.097183
3.394832 -4.616727
9.577244 0.693763
-7.613278 -7.993335
-14.074466 9.346116
-18.582167 -9.247373
-9.270692 -8.784017
1.751128 -5.806664
-20.222075 12.847929
-19.591619 4.757901
11.373501 -2.042331
-2.474416 15.053730
6.214622 -8.065975
-18.865799 -9.131906
-21.438976 13.717984
-19.746984 5.050331
-15.467346 2.120264
6.479332 1.357573
-17.080727 7.144467
-4.665622 14.673058
-13.486510 4.033619
-13.907373 0.850399
10.132409 -1.917256
-22.816223 0.102846
7.299574 -1.496364
3.204001 -12.011554
7.883714 0.155818
-18.488400 -9.225151
8.253323 -5.607495
-19.279480 4.461748
6.272157 -5.149364
-15.736440 -4.674764
10.986384 -2.518121
-7.483631 -8.083074
-17.263966 3.505305
-18.499533 -9.403471
-12.207298 -1.227683
4.388656 -12.136623
8.430601 -3.040748
-7.576455 -8.256496
-14.523567 9.828835
2.881095 -10.183364
8.921963 -4.575423
-8.852963 -9.274646
-13.537128 5.881190
-7.772226 -7.598361
-5.561412 2.419760
-22.434488 13.815005
-12.445428 -8.604662
-18.885027 3.000304
7.092920 -4.277695
5.838694 0.431571
5.836307 -2.562408
-17.395090 -8.953588
-5.411719 0.266369
-4.217200 15.279657
-11.148284 -3.102323
7.111535 0.274048
-1.920780 -4.505787
7.034505 -11.605003
8.864138 -0.791522
6.063575 0.867746
10.594311 -3.484986
-18.793304 -9.062663
-12.651680 3.844901
3.367694 -12.258574
-14.081281 -9.658646
5.549872 0.642295
11.484697 1.353617
-18.631691 -8.714618
-6.102759 0.877065
3.072016 -3.305681
6.909415 -6.754143
-18.732655 -8.968351
-13.996762 9.608472
2.986972 -11.051188
-5.924402 9.987149
2.716042 -5.087170
-12.184809 2.192051
-19.248829 -8.083790
-13.506010 7.245993
-16.428087 -4.086425
-5.264640 3.256710
-5.044839 15.383217
-16.273540 2.735248
-8.478481 -9.562168
-4.894324 0.873428
-24.014044 13.576327
-12.494274 -8.587649
-5.979438 11.736501
7.174959 0.713926
-22.530741 0.609953
-14.058934 7.422734
-19.190395 4.514252
-5.604929 2.458945
-22.601612 0.555844
-5.476078 -2.411913
1.880275 -5.643973
-13.408518 -9.563854
2.204004 -11.176081
5.535659 -5.685789
5.383481 0.894451
-9.212953 11.797952
-17.181686 -3.826407
-8.598470 -5.151585
-22.735058 -2.079767
-21.641010 -3.525140
2.297719 -5.427752
3.096503 -5.868102
-5.351879 14.770590
4.954761 -8.280198
1.654948 -6.078494
13.339249 -1.509553
-20.823811 2.791448
8.649573 -10.827276
-23.753992 13.883222
10.531585 -2.749089
-22.374044 17.073751
-5.531253 11.939948
-4.378498 14.454680
-16.080328 -9.909358
-19.427591 5.165225
11.524162 -1.682111
-22.792902 16.735428
8.241239 -5.814466
-22.949665 0.013390
10.416437 -0.521149
-17.186226 -4.217891
-21.526592 17.330938
3.686090 -5.704967
7.933699 -0.472398
-8.572346 -9.782648
-6.004252 2.840300
-15.540720 -2.104660
11.095109 -6.691661
-8.545963 -9.374234
-19.001799 -10.915277
-4.946492 15.210966
-6.302248 -2.074155
-20.756258 12.330799
-16.285315 8.749849
-25.059282 14.358872
-4.507215 -0.071953
-6.273775 -7.478561
-13.722605 -3.217699
-19.483101 -9.722157
-21.613602 16.334105
0.368353 -1.208334
11.310110 -3.482345
6.804743 1.816988
-23.747644 15.528546
-22.317490 -2.298511
-21.328117 17.528198
-6.621504 15.524349
-5.820267 -5.430623
1.496892 -12.512650
10.785660 -8.048787
-16.073631 -3.161544
-5.143066 3.590287
0.080046 -8.925122
-7.073917 -2.963029
-24.946550 13.449267
-16.803354 2.033209
-7.283179 -10.469069
-13.957513 -13.279683
-19.443647 -10.097609
5.920017 -8.383441
-14.948163 6.560902
-14.671440 1.801718
3.677338 2.810342
6.374861 -4.576981
1.044432 -12.353436
-4.962872 0.765592
-17.102934 -3.700899
-12.774199 7.535005
-1.240306 -10.455729
-0.630333 13.701012
-25.195929 14.926167
-16.147572 7.709003
-7.537063 -11.684935
-7.084080 -7.693886
-19.716534 -10.529884
-20.557327 16.846157
-16.110168 8.288776
-19.561623 7.884740
-1.430560 -10.972650
-5.732400 11.419296
-14.613628 -2.809932
6.708473 -8.504116
-1.533688 -10.648927
-12.962851 4.028799
-16.400576 -4.787019
-16.294567 9.451499
3.846513 -12.121574
0.183847 14.918813
-6.976633 -10.325837
-6.927145 -10.517319
-17.617474 -2.195528
-6.766796 -5.941402
-1.700686 -10.888445
-14.077580 2.866090
-21.981716 -2.131506
-17.281658 6.837657
-19.836813 -10.117299
-13.769304 3.107177
-14.050139 -2.130627
4.043103 -8.453522
-25.112083 12.370687
9.423157 -2.706254
2.776882 -13.119338
6.809793 -10.417969
-22.492064 -2.218481
-21.822994 16.537933
-0.331645 -10.079199
-21.570065 17.273994
-24.470615 9.428946
-7.778829 10.230379
-1.389146 -10.275236
-15.189409 -11.635498
3.253629 3.033052
-10.968191 2.067485
-7.537634 -11.830594
-1.477822 13.383284
-7.485398 -11.684481
-2.432627 14.188018
-22.486132 -0.760964
-6.736777 -6.044388
-14.398931 -0.242488
-8.800176 0.918487
4.249639 1.855122
-20.637928 12.133953
-21.200279 -0.381977
-16.487965 8.310978
-14.445822 -2.629615
-16.490944 6.528388
-7.039124 14.090312
-16.917204 -10.694316
-19.706676 3.198141
9.045086 -2.958023
-19.616213 -9.732649
-7.363164 -1.024879
-7.206164 -9.909700
-14.429989 10.360071
-19.630959 -9.715156
-6.918796 -0.474426
-19.828297 3.376494
-3.609167 2.902559
-15.651806 -4.584161
-2.803057 -6.767202
-20.026773 3.409585
8.473764 -10.050893
-19.724020 -9.747105
8.315165 0.408981
-7.278713 15.041060
8.033317 -4.106238
0.956289 -11.741006
-15.813457 -9.919637
3.590962 2.340543
-15.025487 -12.072822
-15.271621 -2.540018
-4.966486 -0.542452
-6.651711 -9.484563
-8.689944 0.406135
-16.768148 -4.173872
9.681194 -5.979410
-25.022959 12.523733
-7.422029 9.869272
-21.018572 -1.394741
8.296863 -3.577192
-19.861109 3.745994
-19.256893 14.006527
-1.333187 -10.356280
-7.878037 7.873659
3.825423 2.862448
-1.880371 -7.535766
-7.329420 -11.536984
-4.947367 -4.801493
-0.127808 -9.198557
6.032565 -5.135495
-20.314875 -9.540934
-1.380413 13.493641
-7.572159 -10.870311
-12.005856 2.941759
-0.888839 -10.147194
-20.775330 17.023241
-8.719027 14.591983
-5.482593 15.293039
0.610464 -11.443149
5.880501 -5.473739
-1.091224 -10.172123
-13.776292 8.965236
-24.420321 10.927188
-5.068097 -3.295972
3.047467 3.155110
13.010522 0.564322
-8.675507 14.717441
11.005937 -6.477158
-6.607281 -9.890900
12.067894 -3.062887
-6.837641 -10.430747
-20.445536 15.072367
-0.050640 -1.702360
-22.930672 -1.917166
-14.527414 -3.593273
11.317039 -0.672274
1.159811 -11.492721
-5.262913 1.521581
-19.653988 -10.349817
-14.979611 10.281579
1.588016 -5.688133
-16.342556 10.894453
-8.749757 14.778901
5.024746 -9.543808
-15.859366 2.575456
5.351134 2.373133
6.622728 -3.354700
-11.338936 2.512204
-0.213409 -1.872159
-5.589896 9.774793
-1.444096 -10.474104
8.422077 -11.191376
-24.383238 11.496395
-1.477846 -5.450696
-20.475859 -8.661863
4.490083 -9.439688
-7.664353 -11.185068
-5.410711 1.585370
-23.462322 12.801749
10.203203 -8.644532
-1.608016 -10.399514
-17.897264 -9.283326
-18.208817 5.929195
-6.005173 -6.635906
-0.084018 -1.635475
-11.600037 -7.157925
3.122257 3.121185
-6.095277 -4.877422
-8.537791 14.176662
-3.206801 -2.658298
1.020949 -11.854598
-15.905688 3.633985
-21.088285 -0.293315
6.354867 -9.185219
3.480320 2.519600
-21.490824 11.680311
-19.986591 -9.804328
-1.457001 14.856954
-17.631718 -2.139790
-5.131929 10.602353
-2.102821 -10.693245
-21.197670 13.787531
3.668455 2.838920
3.922193 -8.089602
-8.911533 14.934106
-19.987724 11.781546
-24.609720 9.191220
-19.315033 14.267591
-23.730852 12.772393
-20.845943 17.273022
-6.641922 -9.067452
-7.168296 12.566052
-19.159355 -10.722283
-7.013873 -3.006578
-18.447172 6.106132
-5.939562 -2.632293
6.097415 3.029447
-4.803069 -0.275212
-19.796225 7.528238
4.683832 1.438550
-5.867557 15.754964
12.128045 -1.507679
1.710108 -11.610243
-16.194036 -9.707055
-16.097704 -4.192529
9.447845 -8.825954
4.257634 -2.631354
-12.169773 -10.046062
-23.637461 12.533678
-12.947381 9.919313
-6.648314 -9.040240
10.848446 0.071186
-14.365672 -13.659977
-9.933434 2.528473
-19.478867 4.970154
-13.276827 -7.168853
5.902081 3.038014
-8.391770 -8.052791
-19.765121 7.447985
4.752660 1.228739
-5.964666 15.794155
-20.707150 14.980741
3.205829 -12.368613
-20.062216 -11.604642
-16.796310 -4.355555
12.666111 -0.194727
3.013926 -4.947007
-10.820626 2.594982
-24.711432 13.349645
-5.607858 0.028321
-6.946145 -10.222169
-23.399134 10.268304
-19.299658 -9.847657
-12.828773 -10.458786
-19.840206 5.283729
-16.436491 -8.732149
5.326126 2.600515
10.058221 -6.066376
-16.064386 10.419732
-7.488173 2.163274
-6.708295 15.462704
-14.003537 3.408238
1.325342 -11.789857
8.378047 -9.517284
-16.509005 -4.263495
-11.180063 2.393422
3.843747 -2.878425
-2.235881 -6.694672
5.977395 3.092348
6.255889 -8.053782
-19.951868 5.307531
-13.319903 -9.211182
-24.836575 13.480984
-11.660186 0.960201
-7.368763 15.159985
-11.403508 3.195012
-8.345601 15.058384
-5.309752 2.366512
-7.234604 15.358507
-12.773820 4.347736
4.124934 -2.471064
5.335552 3.462372
-24.589048 13.002435
7.273355 -5.167885
-24.678965 11.588532
-5.928853 1.613183
-7.509852 -10.499488
-13.029325 5.495218
2.699737 0.822684
8.893238 -7.113009
-20.352112 7.373946
-14.157454 7.345141
1.203922 -11.468457
5.607722 -5.332494
2.702858 -2.828584
-14.860278 -0.081757
-20.481413 7.617930
-13.255961 0.339814
-7.597652 15.442236
-12.418310 7.772567
-15.243900 -2.835230
-2.008199 13.630733
4.170103 -1.917238
13.186538 -1.315237
-9.074284 -8.024837
-13.424674 -0.360955
-18.728151 6.158935
-17.628288 9.421654
-16.016083 -3.434499
0.786955 14.838223
-20.387821 6.964280
3.396444 -1.412059
4.509538 -10.501432
-17.856745 -9.862919
-22.359911 0.901114
-19.951357 11.673923
-15.176967 -2.392027
8.242460 -5.739254
-8.677833 -9.698095
-6.370994 1.598426
-24.612988 13.063641
5.556476 -2.049070
-8.871409 -9.748164
-10.675850 -3.837472
-7.808526 14.283162
8.752334 -6.766129
-24.688221 13.664649
-19.172758 11.314794
-19.239767 6.202455
-23.507797 16.251936
-15.496286 -3.148809
-11.547633 4.071355
3.590466 -2.485763
-8.150579 13.301704
1.837834 -9.860523
-12.170511 -2.707275
4.306446 1.227299
7.497698 -9.010753
-20.194714 7.295765
7.118673 -2.522338
-14.200336 -13.801007
-3.788618 13.938494
1.526824 -10.284103
12.200550 0.351818
-20.037014 7.069602
7.972358 -2.673625
-14.184962 -13.629425
-6.860477 2.779194
-9.014973 -8.211571
-2.758826 13.170185
-20.041744 5.443546
8.642536 -3.871852
-14.532060 -13.423598
-13.553247 -9.193914
-19.425674 7.847969
-5.401832 12.640556
-15.234200 -3.980526
-21.825460 14.105242
4.470427 -11.924783
10.443397 -7.486339
-7.426642 -11.581924
0.456990 -6.633715
-15.783237 -2.938988
7.631303 -7.663941
-24.695274 10.938597
13.355172 -0.430695
1.752536 -5.308066
12.846288 1.855601
-8.389046 14.898863
-12.542604 -8.994364
-15.757347 -1.953998
-18.106047 7.499461
-8.992031 -7.991545
6.698118 0.280088
-9.130547 -8.419672
-13.014503 9.994868
-20.005611 7.436626
-5.223120 -2.257760
2.320869 -10.584711
-15.515326 6.469453
-6.796184 15.104571
12.106744 -0.848601
-20.161348 5.196351
-23.553120 10.582010
-20.120810 7.159475
-5.094353 12.248750
5.533173 2.596321
13.005286 0.639129
-23.563234 11.432281
-4.942746 15.184071
5.920928 2.944743
-6.635419 10.627976
1.980739 -11.318460
9.665217 -3.174490
5.855697 2.950404
-14.403550 4.778611
-20.052559 5.553729
-13.410619 -3.702950
-24.345856 11.985023
-22.939371 12.900739
-19.781858 5.737301
-12.343318 -10.062137
-14.047210 -13.556221
-0.460179 -6.194389
-16.541838 -2.749343
5.527022 -12.753082
-19.962814 5.424973
5.930787 -10.016228
-23.670313 10.784672
-6.267361 2.965123
-8.238806 -9.235683
-20.954697 17.228565
-17.456806 -10.339350
-15.984776 7.641401
-13.235410 7.999741
-9.819316 2.502004
9.666914 0.944131
-8.893395 0.927805
-22.589281 -2.982169
3.149740 -10.802135
-6.588995 14.764593
12.600976 1.566264
7.312434 -11.583933
-4.677763 -5.385586
-15.964597 -3.253634
-15.732546 9.627310
3.512073 -1.388310
5.002292 -7.435594
-24.841219 10.724627
-14.613530 5.722487
-8.276649 -9.545127
-4.201426 1.553983
-20.311968 -9.578642
0.695536 -3.443170
-15.506043 8.806381
2.855082 1.141310
5.194601 2.931052
6.097275 -8.147971
-22.990498 -1.799403
6.035398 -5.351282
-7.372898 15.115623
-22.512724 14.487880
-24.674149 10.466859
8.199673 -9.391910
-7.414279 -10.707758
11.075243 -1.282596
-19.743000 -9.385637
10.129459 -8.649436
-16.188326 8.297082
-4.430848 13.408881
1.168670 -12.091021
-15.833282 2.358065
-18.416422 -4.011714
10.910867 0.447297
-22.459452 -2.585509
-10.770255 8.884803
-19.768278 -10.838528
-3.441212 -7.698726
-8.539119 -9.457535
-6.858807 -2.117560
-22.561619 -2.613938
-6.041089 9.821452
-15.774427 -2.953664
-14.841072 9.956351
-15.670404 -3.011154
12.060567 0.560321
-23.584745 11.666520
4.849784 -11.185016
3.905580 -1.454013
3.332878 -2.190865
-20.241392 -10.063225
12.382984 -2.686424
1.852549 -13.763598
5.363292 -12.253834
-21.213057 -3.762904
7.302425 -7.509545
3.838909 2.836476
-11.634174 -7.209943
-9.489862 13.183551
10.863857 -3.269779
-7.826307 -10.277217
3.750371 -12.932232
-24.270691 9.332236
-2.903958 14.971406
5.151225 0.732233
-15.036496 -1.579267
-22.531733 -2.857236
-3.489756 -7.641759
-23.886015 11.705583
4.700944 -8.735568
-7.810248 -10.951059
-19.612253 12.920707
-14.542432 4.515224
3.493314 -10.198975
-8.936513 13.482269
-19.029526 8.058849
-23.661186 10.518704
-6.211619 12.089548
-8.906590 -9.621161
-14.429996 2.976198
-8.113652 -10.199425
7.061457 -10.345691
-16.368181 -4.262125
-21.221516 -0.014206
-24.620190 11.371207
-1.656941 13.036386
5.098448 2.992392
-0.343480 -4.197820
4.728725 -12.398753
-14.052108 9.246030
-0.312303 -11.775312
-15.027244 -0.373937
-8.697356 13.755547
-10.427517 3.104507
-16.372557 7.917986
-13.037671 -0.048093
-9.144196 13.468289
-5.224747 2.352952
-23.780977 10.494159
6.041960 -4.921684
1.357964 -12.386792
-5.500575 -0.473438
-14.572227 4.441415
-21.064871 17.133652
-22.492144 -2.106992
-1.159912 14.752231
4.092833 2.031885
8.818873 0.396635
-19.998289 -9.910839
12.595763 0.047508
6.000238 3.218704
-16.518402 7.637677
-7.906432 -10.248929
8.003655 -10.911995
2.664020 -13.260628
-5.421854 10.910544
-24.559511 10.582968
-17.273415 7.412611
-9.202904 13.388124
-19.708920 12.985448
1.285512 -12.273629
-4.524131 0.899753
-7.968187 -11.258162
9.796693 -5.502118
3.428256 -0.806762
8.941415 -1.581182
0.104795 -1.448195
7.503312 1.536669
-19.519825 -4.425022
-17.930037 -9.945407
-20.561604 -9.517412
-6.734878 -4.092737
-18.696142 -4.163909
9.620235 -7.298663
-25.016653 11.204917
-12.778692 -0.633508
-7.495360 -9.879560
-20.619612 15.168303
8.458593 -11.846194
-6.314425 11.521980
-19.613537 6.962357
5.250536 -9.291411
1.841076 -13.771512
12.676028 -1.001421
-15.420801 -4.899720
-12.797191 -0.081547
0.694776 -6.793976
-21.782022 17.670988
-24.918570 11.251884
-18.681519 -11.856678
-5.851668 -7.879805
-16.503971 4.362136
-19.078455 -8.420887
-16.059435 -9.856427
-15.998461 4.379426
-0.707904 -10.086100
3.900151 1.842520
10.441963 -2.320437
-22.179550 1.083047
-22.608391 16.504824
-8.698318 13.876168
7.447805 -7.778409
2.956912 -13.115043
-5.384848 -4.417206
-14.879265 1.090254
-20.020117 15.192356
-3.079784 -8.281769
-16.488005 -11.224311
-24.862387 13.409758
9.533839 -0.633887
-7.598498 -10.099007
-5.763001 0.396916
-19.119043 -5.080994
7.536534 -11.134503
-21.659323 2.194951
7.612765 -3.840157
-0.680506 -11.276287
-11.318967 -7.445958
-14.670946 -4.452006
-5.315869 -1.212539
1.496540 -5.975030
-16.052166 2.613206
-12.479059 -2.268050
-11.340764 3.194803
-6.786919 -6.069100
-1.076404 -9.969326
-14.267315 0.347452
-15.103023 6.055791
-7.488928 -11.657824
-8.658360 -2.965719
-22.159382 1.068946
7.346381 -9.609851
3.839929 2.067359
-13.438337 -7.075585
5.433341 4.440992
-19.487740 13.884643
-17.583864 4.388105
-23.151157 16.427876
-7.073546 -5.794032
-5.869195 -6.703597
-6.169133 -6.511746
2.624101 -10.768150
4.149500 -1.341895
-6.518590 -1.145198
-7.308970 -10.108281
-11.256474 2.716415
-20.541563 7.735371
-2.363637 -6.385409
-23.079412 -1.622176
-24.311668 15.325270
-7.366104 15.150999
-3.966768 11.981472
-24.744295 13.599434
8.819550 -4.732050
-6.029448 -7.770844
-14.504082 -13.341372
-21.675131 5.459688
8.071262 -1.265178
3.255080 2.298076
-6.129804 9.984565
-14.256196 -2.202582
-23.103844 16.904760
2.982823 -2.370261
-12.379859 9.803205
-13.857019 0.420294
-3.740282 -6.961155
-23.914936 12.552479
-13.151601 7.980954
-22.633280 0.394496
9.210636 -4.502435
-9.752356 13.070144
8.599202 -3.092942
-8.911334 13.363652
7.225910 -11.330133
-8.157145 -10.559184
10.344583 -1.708992
-8.676682 12.263550
-6.136728 -3.223970
-20.987665 2.781867
-6.342624 3.478386
-23.059097 0.226004
4.794321 -3.906422
-7.820479 -11.512453
-19.585470 -8.805999
2.323216 -13.198483
2.629683 -8.783057
5.413891 4.485804
-19.957878 14.785447
-18.916065 -8.805311
-13.657869 6.040588
-7.862179 -10.486783
-6.050283 -2.948744
3.625911 2.070339
-15.984431 -11.315398
-22.842373 0.171750
-7.035570 12.090939
-23.209404 10.219765
5.024817 -6.678874
-8.422798 14.211899
-20.946836 -3.936195
-13.993378 1.395757
7.524383 -3.470393
-11.347025 -7.414729
-13.140731 5.882925
-19.062881 7.374225
-5.543739 12.570411
3.671746 -1.716125
-7.335332 -3.453061
-3.873399 0.225820
-15.354424 6.313774
-19.029688 7.378671
-20.724163 14.821112
-0.436634 -11.449542
4.307639 -9.468774
-7.864767 -11.046887
6.855588 -8.960840
2.143479 -13.365088
-12.543890 7.816123
-8.626345 13.911325
13.397170 1.127371
2.035795 -3.998984
-16.613514 10.441493
3.460428 2.419695
10.826741 -1.550108
-7.869867 -12.028844
7.504263 -7.569965
1.488884 -4.868374
-19.063482 12.062831
2.361548 -4.962697
-12.825912 2.572140
3.624488 2.233727
11.844021 -0.691508
1.500193 -6.785834
-7.462725 -3.422810
-18.153658 -8.713646
9.455260 1.969293
3.293321 -2.076043
-16.460012 5.802467
-23.244387 11.597479
5.769332 0.023672
-8.776792 -6.883136
-7.283354 11.165668
-14.320325 -10.966742
-6.074522 13.231765
-21.324642 4.251934
9.052649 -8.564952
8.304032 1.651654
-13.515427 -9.894039
-3.764972 14.773348
0.686862 14.891879
5.956981 -10.708973
-6.222452 1.864563
-15.622233 -0.822788
13.258830 -0.707852
-22.629732 11.129358
13.326298 1.048444
-7.660823 -5.077811
11.857687 -1.550538
-14.179491 -10.804210
-5.404974 -3.188058
-14.263890 -0.754209
-6.445714 13.488490
7.660695 1.687983
-4.003994 11.865799
2.366154 -11.390094
-15.226726 9.926062
-15.354076 -0.706940
7.582192 -10.255811
-23.947891 12.242122
-13.085865 5.306545
-8.321462 -7.375287
11.761468 -1.405265
-13.290556 -11.851730
-15.778691 -1.763685
5.639577 2.698944
8.192952 -9.670000
3.376021 -11.272248
-16.012514 6.109081
-21.541569 9.999365
9.489724 -0.660921
2.383199 -1.748574
-17.988176 7.269156
2.006435 -1.046533
-3.192271 13.829414
6.199708 -10.223445
-13.899099 7.034130
0.612970 -3.468093
-7.179782 11.032442
3.362718 -8.953682
-6.127919 -1.418257
6.519574 -10.531382
10.168675 -3.955297
-21.447575 4.160244
-10.001605 -2.347566
1.879011 -5.528268
-12.650421 2.760518
-13.685642 -0.383302
-4.805935 -0.025388
3.340132 -1.599702
-6.327952 9.789783
-21.551344 4.099289
-4.612918 -0.810187
-8.435378 -2.692328
2.968198 -2.024603
-21.543175 -2.420710
-13.626431 -9.517467
-13.468512 0.107533
7.942081 2.335835
-13.484765 -11.479927
3.418894 -5.899854
5.325606 -8.932516
-6.121626 -0.887388
9.225932 1.288147
-11.941348 2.858771
-13.851793 -11.054128
7.547978 -4.329686
-5.082650 12.596056
9.883741 1.045527
-10.282767 -4.177743
-3.459153 3.034704
8.985984 1.360046
-14.340925 -11.257231
-18.483088 -0.672409
-15.675447 -10.087702
-18.526304 -0.726073
-3.480462 14.754004
-15.304312 -0.526235
-20.336027 11.610345
-3.926965 14.846252
-7.122811 -2.350426
2.486766 -1.428515
5.480997 -2.116676
9.227460 1.629191
0.291072 -9.492291
2.601710 -1.357247
-20.396233 16.862114
-9.470295 -4.992483
-17.770687 8.279692
-14.782622 -0.169996
5.303741 0.179998
4.913565 -8.936630
-10.564000 3.196081
-21.925013 -2.729065
0.548305 -6.811991
-21.788538 -2.420722
7.489803 -4.063009
-10.438711 -4.053220
-13.520959 3.665977
-16.489052 -0.550285
-12.698173 7.597352
2.602531 -1.659314
2.635200 -5.243104
-10.250722 -3.934718
-12.836772 -1.560600
-20.270567 4.005233
-13.866100 0.656474
-4.886232 15.226312
-15.322654 2.083600
-14.338923 -13.671350
3.710536 -9.056915
-14.758115 -7.674499
-0.559163 -11.710279
-6.308770 15.450535
-22.222658 11.582851
4.272220 -2.079974
8.022075 -11.196879
2.507994 -4.832669
11.570786 -0.602143
-7.295404 13.943989
-22.502958 15.673652
-22.277422 -2.964176
-18.259777 6.480072
-21.501354 -2.334688
10.608446 -7.622670
-21.516436 4.030799
1.085249 -6.300997
-21.526487 3.921281
-4.903229 11.567896
-15.465499 -0.543454
-13.517766 6.005645
-7.196751 -6.605345
8.466298 -9.000264
-7.623718 14.684701
-18.935738 8.118057
-22.133295 -2.823007
7.265240 -7.491514
-7.044648 15.341614
-4.895115 4.465689
-15.937642 -3.103027
-11.343698 -7.389620
-9.398457 -6.170065
4.248672 -10.914937
2.668252 -1.759417
-12.103740 -8.045168
2.012661 -9.825730
-11.870104 6.707136
-7.019029 12.704944
7.733016 -7.637258
-16.578836 -2.661201
-14.315494 3.070881
-10.120946 -5.451054
-1.230698 -4.445726
6.702945 -10.864177
-11.433067 1.687959
7.790847 1.873971
-25.202084 11.869716
2.960598 -8.958886
-9.050975 0.961559
-22.450426 10.970935
-5.698480 10.251403
-21.303280 4.121573
-16.235432 7.984612
3.718761 -10.495840
-4.700541 1.014120
2.606922 -4.613654
-15.199585 10.424760
-10.465992 -3.773641
-8.076504 13.865352
-23.081226 11.206848
5.452577 -1.764604
-13.993803 -13.497464
-10.907966 2.293475
-24.605009 14.862897
-14.665231 6.720825
-10.022837 -5.286536
-1.080547 14.901978
-23.604063 13.977377
-22.395842 15.381493
-9.509578 -5.972316
10.645962 -2.876334
-23.554914 13.512123
-22.021671 14.714738
7.748042 1.919650
-3.471119 2.912033
-11.366632 -3.592947
11.447134 -7.174492
-21.436953 10.194770
-12.746467 5.377311
7.808183 1.502787
13.181186 0.922075
4.033377 -10.746037
-14.129197 3.172472
2.553207 -3.994955
-14.011995 -2.644136
-15.441348 -9.341156
-22.256680 15.922474
-21.540648 10.111978
-13.297232 -0.433852
-7.149356 12.820356
-3.273267 -2.662949
-16.437918 -8.983840
5.054031 -12.256807
-6.660126 14.315475
-6.037122 0.161806
-14.329753 -10.333977
7.687823 -3.576882
-13.943060 -10.203416
-7.894084 11.294706
8.099411 -2.526823
5.256283 -8.907300
2.329574 -1.648432
10.843714 -1.428243
-25.020184 12.367023
-7.827757 10.235077
-7.845385 -8.680663
-14.093517 2.935597
-19.884851 -10.064944
10.375043 0.244281
-15.867063 7.443673
4.858418 -0.860189
-5.048511 -11.411468
6.130489 -3.060471
-22.261057 -0.747450
-0.920276 14.580909
-7.899669 12.077834
10.808738 -7.727984
4.351052 -11.874566
-3.228328 13.019933
-15.228168 -4.684435
-15.228042 10.074103
0.198196 -8.029895
5.052159 -9.698852
-24.728348 9.528549
-1.209121 14.768050
-6.827879 -9.555549
7.722684 -4.859098
-19.933426 -10.868494
-13.548953 7.883871
-18.680000 3.261131
-20.350237 -1.466438
4.626979 2.370082
-14.369951 6.661691
-22.703617 -2.506255
-10.415371 1.620446
-8.635870 12.149186
-14.267077 4.695970
3.495178 -12.510004
-13.610045 -7.110176
-17.136911 -3.891934
13.098262 1.442073
0.400816 -8.028571
-20.788641 -0.943934
-24.741056 11.891309
-7.895808 7.812952
-7.147941 -6.937145
10.633365 -1.513162
-19.896500 -11.219944
12.957937 1.763644
-16.475172 8.354177
-6.201374 0.476922
1.172875 -11.962369
-5.501097 2.515856
-17.153873 -3.819343
-19.192337 14.203554
-1.657499 -10.602885
-5.493003 14.005428
-16.353577 -3.892537
-5.875443 -3.445169
-0.631603 -9.944669
13.140233 0.968312
-5.289996 -11.383391
11.728382 -2.670197
-5.961451 -7.656024
-11.643668 -2.708055
-0.770836 -9.766782
-0.994866 14.699222
-22.512150 -1.003519
-9.128634 1.123028
-19.747066 4.283718
-13.871589 6.533228
-24.522472 12.721491
-6.094614 2.012426
-5.592103 -10.876215
-13.665777 6.429957
-16.812735 -3.983872
-17.503834 3.801909
-5.655409 -11.010844
-18.002098 -10.231450
-24.689884 12.366498
5.557350 -12.075187
-22.445154 -2.970363
-15.655383 3.496325
-7.406684 -9.523358
-13.822164 0.050325
-22.304701 -0.985905
-16.362650 6.259569
3.720052 2.201601
-1.313144 14.368888
-25.240995 12.518710
-14.930121 2.824249
0.892522 -8.282486
-6.674347 -1.028821
-5.326177 14.063995
-0.936887 14.205054
-23.368549 13.245760
-6.657702 -5.321314
-6.951958 -9.099733
10.037470 -4.351201
2.075576 -11.383508
4.577126 -6.348764
-25.189796 12.330252
-20.732824 15.428596
-8.166821 12.965702
-0.890432 13.931480
-17.050896 -3.472529
-5.689023 10.086432
1.144364 -6.380126
11.197515 -0.493916
-22.638128 -0.321861
-13.307338 -7.348744
-5.140022 -11.524208
-10.158685 -3.601549
1.986016 -12.212322
4.775343 -3.574572
-8.640203 12.225554
-15.766898 3.403556
-24.483713 12.041050
13.644210 -0.014762
-16.579060 -4.580196
-2.384129 12.115107
-6.075860 -8.049973
13.486322 1.299175
1.974361 -12.026768
-15.655439 2.801444
2.151428 -11.814362
-14.857766 10.185713
-7.728817 -10.611379
-5.067751 -0.242762
-20.349525 4.678896
-22.916822 16.750957
-13.896620 -14.081031
-21.527920 16.435251
-19.824644 4.158184
-11.647455 0.946982
-7.768502 -11.839150
-4.582058 13.098778
-5.087939 -11.499107
-0.758565 14.145268
-19.983566 -11.115089
-3.736201 12.325981
-5.118731 -11.533431
-12.465532 -2.761317
-14.396381 -3.524186
-5.183315 2.274494
-5.471581 -10.796402
11.282801 0.214024
0.881588 -8.523926
-5.701259 1.862227
-20.227091 -10.698270
-16.473843 -7.482302
-20.064789 5.356566
8.946730 -4.787052
-6.770604 10.823831
-4.346187 3.760521
2.090418 -6.913673
-14.703304 2.863656
-8.694203 12.072139
-16.882097 -9.898180
-20.584297 5.782010
11.089637 -2.221608
-20.085117 -11.008730
-2.207509 13.277479
-19.941628 -10.943623
7.089147 -8.508647
3.677028 2.672218
-15.596154 4.528037
-7.766171 13.841437
10.393615 -3.761079
-0.802233 -9.885621
3.336871 -9.194202
-25.121098 12.097744
-7.227131 -2.425056
-13.816428 -14.166256
3.998494 -1.501505
-22.444214 -1.282447
11.990120 -1.606855
-21.915960 -0.372947
-19.721060 13.504540
-7.369431 -8.736671
12.292957 -2.989688
-14.626641 7.037864
-4.016306 12.801819
-15.940300 7.868196
-18.225729 -9.408879
0.482228 -7.794036
1.730974 -2.733316
-22.814402 0.186647
-12.351755 6.291658
1.070187 -12.195849
-22.661695 17.239304
0.372254 -9.121531
-16.070953 3.913896
-17.243000 -4.043033
-16.716917 5.745990
-20.035450 -11.111834
-21.197996 16.918880
-6.771710 -10.342525
-15.647756 -2.066461
-19.608353 4.457075
-14.331740 5.631432
-7.865215 -10.966992
-12.630630 -7.925190
-19.264149 4.750489
11.815305 -2.356936
-22.431847 12.831837
-21.253809 14.000181
-5.149277 -3.450677
11.061505 -7.072702
-12.731360 -9.090025
-0.490973 -9.800315
-17.772114 7.342098
3.744152 -5.999451
8.830340 0.086267
-3.003850 -6.540531
-20.234806 -0.552452
-12.017105 1.294665
-5.853254 11.184985
1.931691 -1.998131
5.593934 -11.226044
13.084984 -0.789059
-15.587109 -3.534394
11.327603 -2.217659
4.503305 -4.662648
-17.959190 -9.222217
-24.785456 14.612162
-21.998053 15.193460
-5.792773 -7.060705
10.653730 -1.373503
-13.704244 -9.633957
10.486978 0.315563
-16.134863 7.423828
11.295360 -2.143498
8.803200 0.185050
-16.228344 4.519142
-21.278730 -1.777690
6.506375 -9.449675
-5.670946 14.086410
-20.547186 -1.381647
5.030830 -10.832746
-5.826788 -0.132465
-14.490721 -3.261341
-8.368905 15.155374
3.555535 -4.167646
-12.043442 6.204858
-22.422100 15.619015
11.818190 0.700592
-6.704886 -6.194518
-13.914064 -6.766019
-13.787407 -9.484072
-13.448090 3.726977
-18.246330 7.389237
10.126391 -8.612475
8.103838 0.419341
-4.838591 0.984346
6.921197 -11.356948
-1.799780 -4.662561
-13.803193 -2.755749
-6.188087 -4.004427
3.252333 -4.584848
-13.852024 -6.939229
-18.175728 7.526668
-21.674311 -6.022067
7.244834 -0.643911
-23.826736 15.421186
-7.034866 -6.199943
-11.486732 0.812633
6.192719 0.243908
-17.475452 3.817138
-5.632833 13.726282
-17.520060 9.711367
-6.228547 11.156282
12.604201 0.587075
5.786944 -10.990486
-21.662413 14.336906
-16.578413 4.821866
-6.324136 3.103539
-17.095366 5.297794
-24.539694 14.138501
-17.749798 -10.020954
-5.512111 -6.315718
-5.602397 -6.595850
-21.991194 15.118491
4.799679 -1.796367
11.077076 -3.328619
8.957614 1.580819
-6.417847 10.249638
5.196012 -10.958586
-0.494738 13.833745
-18.552614 6.119547
-20.363762 -1.692730
-20.522778 -0.659183
10.639145 -0.526772
7.491712 0.487384
-2.561489 12.206553
5.648261 -2.123030
-5.932244 2.394149
-5.756915 -4.960479
-14.322373 7.534358
-6.131647 -4.527330
-4.649592 0.041984
-23.302137 15.083344
-15.268750 0.509226
-5.780848 -6.285211
-3.844763 -0.248407
7.308021 -0.833444
-3.725344 13.231278
-6.144870 13.402682
-2.875037 13.545424
-22.333168 14.614137
-6.183582 1.811833
-13.342617 -9.428075
-22.314156 12.479910
-14.115932 -3.279701
-7.809820 -1.306420
-17.427433 -9.212779
-4.695363 0.779989
-6.510014 -5.690163
-16.242386 6.005838
7.813087 -11.212409
9.381691 -2.921517
-16.779646 1.421921
-18.504612 3.743979
-22.760290 16.256321
-19.787447 -9.224380
-22.300903 17.116348
-4.136477 14.157879
-13.303730 -9.190771
1.819136 -6.534078
-22.618027 16.673286
6.032041 -8.892168
-5.639284 14.281435
9.993542 -2.004349
6.802927 -3.599927
-6.914698 -4.747720
-13.002391 -7.686100
7.002501 -4.785288
-17.472603 7.002881
8.250164 -0.819469
5.673938 -10.843526
10.987373 -3.701684
-7.737812 11.431319
-20.528856 15.684126
7.157279 -3.149711
-4.614776 3.076630
-15.563996 -3.383162
6.517124 -9.046665
5.308455 -11.099673
11.416421 -3.572845
-15.108735 -3.412693
-8.756084 -4.646157
6.091975 -2.666370
-12.919993 5.377159
-13.562078 -7.137963
-15.037122 -12.257977
-13.373722 -7.193452
-13.820151 7.030925
5.914467 -2.327919
-17.181704 -4.634050
-16.738506 -3.150442
-12.338112 2.271699
-7.428915 13.106996
7.748103 -0.834703
5.245659 0.609566
11.255592 0.653235
5.987368 -0.756122
-16.741207 -10.775324
5.339217 0.588248
-2.380589 14.992586
-23.171423 16.533930
5.513925 -9.527541
-23.020950 16.685219
6.760477 -6.712038
-13.181343 -2.978390
-16.837231 -10.823030
-24.016058 15.545961
-18.558195 -3.882632
-13.921297 -3.049716
-15.494065 9.280492
-6.505735 11.477769
-13.054230 -0.337178
-5.249145 14.847775
-0.878863 14.188798
-15.559827 -1.911740
-20.981745 8.179373
-21.675737 -2.033491
-4.967117 2.032100
-6.932405 -5.636674
-12.342176 -0.493197
5.300000 -11.309937
-13.477857 2.579890
-19.125196 4.949306
-2.660435 12.007671
-14.338015 -3.400087
11.350094 -3.462174
-20.840729 -1.365310
-20.066797 13.307975
-25.100233 15.080660
-22.250973 17.337030
-19.166046 5.385447
-15.938607 -10.936740
-8.215544 11.851045
-2.114087 13.436131
4.385508 -12.071189
-16.751068 -3.098893
-18.945702 5.294543
5.237230 -1.966426
-6.375092 -5.467494
9.518901 -4.299834
-14.296580 7.412644
-21.399382 -1.907767
3.879954 -3.868665
-4.280062 4.025188
-20.843271 -0.920745
-10.048650 12.343079
-7.760736 -10.072415
-4.495854 -0.248898
-20.508438 -0.993388
5.143399 0.662592
-24.822077 14.901130
11.379662 -2.033319
-2.131438 -7.014446
-6.066179 0.803216
-13.837447 -7.498260
-12.643041 3.889860
7.227501 -11.458638
13.330379 -1.120268
7.028358 1.817056
-24.037106 14.953518
-18.843586 4.137825
-3.736748 13.946898
-7.010291 -6.659412
-1.441965 -5.037792
4.252642 -12.126033
-14.958727 1.698955
-8.406363 11.868305
-14.085155 5.051787
-22.290604 14.453882
-5.895160 2.104573
-8.233451 -2.783065
12.706524 -0.007924
-13.261950 -11.674563
11.660117 -1.449667
-15.448322 8.386858
-5.632902 14.897227
9.321048 1.725851
-4.083782 -7.162304
-14.903157 2.703682
5.966864 -9.426523
-3.115862 14.051292
8.053966 -4.785690
10.404993 -8.304129
-13.006979 -12.850670
-13.203092 -0.549923
0.398794 -3.737523
11.633636 -3.237158
-16.403269 -1.132344
-22.879230 15.280240
9.465363 -8.952441
-9.931986 -4.270661
-8.325674 -10.926237
-13.244801 -12.494150
-14.522284 5.556930
1.778085 -1.575707
-16.201063 3.577366
9.149351 1.464678
-4.297259 11.221406
-20.582916 -1.341241
-22.404861 15.839520
-5.115158 13.815700
-17.344736 6.632114
8.550458 -11.074457
-13.560552 5.178217
-16.230787 -1.068049
-12.693000 -9.102164
0.126440 -7.150147
-22.231903 17.709650
-21.044716 12.969086
8.751628 -4.017491
-7.540762 -3.953155
-12.191206 -8.197382
-13.181915 -12.822127
9.613243 -3.042996
-15.565283 8.265115
11.506548 -3.325074
7.874638 1.238544
-1.322696 14.429133
-16.545527 10.119575
-21.674673 -6.023661
-7.977516 11.392538
-6.843223 10.732751
3.960626 -10.970625
-1.002499 13.946306
-16.263546 -2.845314
-13.741930 -9.563553
2.021204 -6.578791
-17.032927 -9.154831
-22.645866 14.178889
-5.270034 12.204907
5.062901 -7.415481
-13.498081 -7.137002
-13.696095 -3.514775
-5.991135 9.998143
5.899058 -4.114619
-19.031975 11.870347
4.364338 -3.758138
-8.717700 -4.909491
-21.819534 13.169403
-17.772306 7.033577
-9.061656 -6.472367
-5.627968 -1.698690
8.868549 1.125419
13.089941 -1.377929
-19.884914 7.251966
-13.027775 2.163384
-8.540483 -8.914192
0.897924 14.897233
-7.880010 11.543675
-1.013749 13.851228
4.206821 -9.771219
-11.284630 -1.111737
-18.002542 6.219679
10.426101 -0.136058
-19.015774 -9.555692
-18.217218 2.106312
6.876426 -3.015868
-21.638279 16.828402
-22.165112 12.979292
7.194860 -4.965694
-18.904772 8.331112
-24.279837 14.695021
-8.075116 11.114817
11.417020 -0.275013
3.182186 -11.578009
9.459171 -1.320573
-20.861256 5.552390
-5.547565 -1.916940
4.575420 -6.509743
-17.834539 3.838829
5.784017 -4.297911
10.432221 -5.737736
-17.805729 6.667569
-5.919445 0.576398
-13.334200 -1.486362
3.848386 -9.622878
-5.910448 -1.584573
10.187246 -8.156261
-12.479047 -10.236760
1.593885 -1.393465
6.426652 -4.012779
12.115107 -3.087170
-6.195754 11.286468
-16.931328 -10.612637
6.653515 -10.688672
-13.556669 -9.671764
-19.144337 8.187737
-25.213486 12.481700
-4.467829 13.110055
7.578794 -8.252860
-15.328350 4.798359
11.107203 -3.525670
-15.055477 10.389871
10.821555 -3.867275
-23.612442 13.731088
-12.273747 3.221000
-19.513449 0.205007
-11.723892 3.067475
7.404953 1.292898
9.141603 -6.727175
-21.472965 12.933293
-21.313574 -1.839430
-21.359941 4.504240
-16.018475 -10.898422
7.663908 -2.182089
-13.910330 9.806658
5.156728 -6.482271
9.878507 0.637541
-5.920396 -4.445358
-15.296789 3.866597
9.649806 1.507489
-2.647272 15.045957
-17.752317 7.650165
8.818772 -6.829768
6.952897 -11.048349
11.987468 -2.200456
-5.217333 11.235849
-6.794798 12.826662
-13.090701 -12.507301
-3.386556 -2.726230
-9.030406 -4.160802
-2.652601 12.081568
-19.588408 0.169105
0.428755 -3.564605
-19.303322 8.402337
-11.992512 6.427121
-24.004461 15.009999
-13.277290 4.267853
-16.368177 10.026234
-11.052323 -4.351279
-23.579134 14.187024
-7.556124 9.674768
-14.172648 -1.578624
-11.653572 1.067861
4.636279 -0.555569
-16.979229 -11.173830
-4.856202 14.053624
4.408301 -4.829151
7.105108 -10.837518
-6.416972 0.947256
-23.765245 13.930688
-13.246368 -4.744484
-17.685621 6.335855
-4.624173 1.213858
-12.993115 -1.150339
11.124256 -6.713616
-6.693437 -1.764665
-11.784017 0.659767
-12.847808 -10.719722
-3.674207 -7.021566
-12.853225 -10.804769
-2.528917 12.461324
-15.213818 6.071228
-14.985832 -11.955286
-21.209961 9.646661
7.822982 -8.778389
-7.348846 11.092546
-14.556849 0.700847
7.316530 -10.694519
-15.847455 2.342458
-16.570486 6.366921
-7.013284 3.006990
10.070950 -0.744791
13.367466 0.816022
4.390433 -2.456570
9.487280 -0.318045
-2.422794 13.857678
12.482409 0.915329
-19.227434 8.196046
-20.143402 7.658873
-9.117505 -5.810028
-6.427609 3.115599
6.434473 -3.621649
-11.134311 -2.732974
-14.891691 -2.419343
-8.704906 -3.026016
-7.924356 -7.963621
5.153321 -0.444769
-6.479821 -7.449105
3.304219 -10.010237
-20.874195 -1.186143
8.716588 -4.647087
-24.029438 15.064339
9.312650 -1.205492
-18.582726 -9.822545
5.499318 -9.567072
5.866052 -9.198071
-16.716383 10.320298
-13.263948 1.453260
-20.801243 15.322745
-5.469858 12.430896
11.594800 -2.309062
-8.083864 11.385684
-5.276732 12.375184
-13.336299 0.225585
9.873096 -1.915859
-16.705690 -10.470044
-19.185715 11.907726
-13.856262 -1.076483
-14.056783 9.584639
9.334291 0.013626
-9.968246 -5.637506
5.486176 2.301736
10.179152 -4.637314
-13.077788 -11.163095
-11.626912 6.660429
-13.057762 -10.809950
-10.187030 -2.486658
-15.530499 -0.827949
-11.010927 -7.484262
-23.522722 14.213403
-17.477499 8.399031
-21.499180 13.436250
-22.625015 12.905180
-6.409792 -4.832458
-23.268093 15.337524
-15.838186 -9.570788
-6.265227 -5.011594
-14.389172 5.286814
-15.488390 6.103339
5.075994 -0.129171
8.253304 -9.308544
-16.205084 2.951657
-11.567591 6.870221
-3.170018 13.922270
-6.564801 0.538996
8.958088 -8.674142
-4.984381 12.852336
-12.742722 0.215818
3.269030 -9.144481
4.833804 -4.653388
-23.375763 16.053432
-21.073771 13.267336
7.930998 -7.995560
-6.082777 -3.245938
-14.935702 -7.991999
-16.664047 -10.143285
8.323744 1.154556
-14.018074 5.579396
-5.544508 -6.657345
8.140562 0.151953
-6.729818 -7.846021
-20.298710 7.603103
-20.122189 14.912687
-2.646621 14.772870
-17.305618 6.656016
8.100837 -10.271755
3.544574 -4.002469
-13.989345 0.179723
9.890127 -8.879643
3.669207 -4.044992
-15.852485 2.533446
-22.877382 13.640966
-6.374660 -5.725647
-7.628644 -6.292746
-11.510386 2.910601
2.245213 -9.473701
-0.973277 14.917957
0.179696 -1.278664
-11.981359 6.346881
5.620778 2.639985
-12.946734 5.633223
-16.920794 2.041772
-9.722926 -5.648642
7.930737 -10.602623
-5.349341 -0.728060
-15.269269 -0.606027
-5.436495 -2.224140
4.528807 -1.957412
-5.958659 11.049613
-11.841720 1.011831
2.753919 -6.517869
6.983914 -5.190652
3.792251 -9.984799
-16.469774 10.141873
-21.490301 12.651829
8.306080 -9.171668
-13.992210 7.715108
-22.313154 16.805452
-1.637026 13.228765
-16.360970 7.399051
2.183493 -1.309389
-6.271870 -3.765831
-4.628858 13.283177
-3.276381 13.361310
-5.625657 -1.532073
-11.920533 0.988007
-4.650609 13.288365
7.955138 -0.766083
-1.913405 13.199427
-7.189821 -4.609134
-24.430973 13.196241
7.781365 -10.458651
-4.867895 -0.287422
-6.079039 14.121182
7.900387 3.067308
-16.703056 1.706450
-6.988492 -8.000407
-3.213544 13.954844
-1.594394 -5.221396
3.835222 1.385568
-11.457898 3.713058
-16.681601 -9.403138
-14.732150 8.202417
7.687698 -9.979855
-17.477768 3.949694
-15.643041 -1.506943
11.636174 -0.830738
-5.938543 -6.202996
-2.002134 13.544264
-14.968097 5.058354
-18.215683 3.953008
9.095067 0.809570
-13.996125 3.308100
-15.225945 5.410901
-11.226425 -7.279202
6.079009 -3.237303
-13.303898 5.263961
7.642792 -9.086929
-5.559429 0.243043
-16.414589 -9.474043
11.063905 -0.422451
-22.479582 15.070277
-19.416960 11.496213
-14.973415 2.676270
1.823124 -1.410542
-21.579538 17.218954
-2.797615 13.615162
-5.319352 -1.794667
-4.889643 -2.625142
9.380214 -2.364829
-15.220510 8.566473
-14.923315 -11.962203
-6.803504 1.336450
-16.109612 7.470355
12.555710 0.488318
-16.403397 -11.064689
6.162877 -5.217970
-13.468413 7.753046
0.052552 -3.683909
-3.309527 16.280962
-13.412930 1.553885
-3.340189 16.302265
-5.578412 11.850183
9.739617 -7.312983
-4.718132 14.729101
-12.499506 -0.147320
6.008061 -4.017186
5.903804 -0.266832
-20.012190 13.262905
6.208497 -2.766094
-4.546668 3.970118
7.909924 -3.286177
7.373821 -1.761780
7.624727 -8.494218
5.956818 0.288900
-5.762234 0.546169
-5.396194 10.851662
-5.145927 -2.236329
-13.152363 7.257687
8.081855 -9.872198
-14.194324 7.364569
-11.696430 0.558014
-16.225704 6.009666
-17.810892 5.535205
-13.076085 -12.597075
8.072113 -0.526465
12.736559 1.847238
-11.903148 0.903032
2.492656 -12.118781
-3.271609 14.787105
10.507861 -1.162901
-14.713200 7.376748
-4.187205 14.026191
-11.974859 1.181467
10.025033 -8.248642
-21.579254 13.987009
8.094834 -8.224696
3.690042 -2.022308
-14.108909 9.491058
-7.528449 12.060599
-5.188893 3.857109
-17.715286 -9.818011
-8.573620 0.588544
-22.073048 16.959419
7.152188 -1.858823
-5.777202 -0.026374
9.730219 1.327198
-21.701576 17.161694
-17.387686 10.713252
-1.480963 13.563060
-4.767929 1.090315
-15.138715 -11.776737
-2.553063 12.047311
-15.358801 5.185951
12.435952 0.660316
-12.997468 0.637739
-15.700754 2.281289
5.218690 -3.462441
-14.083620 2.362642
-21.782133 14.730731
-14.784213 -11.972189
7.707355 -10.606458
-19.473900 7.057555
-16.172621 -10.936624
12.523060 -2.673486
-15.138242 5.172025
7.073433 -1.859748
3.797257 -5.311109
-19.416708 12.189014
-16.946400 1.979286
-15.857512 -11.156010
-14.267425 2.919135
-17.463326 9.722019
-16.073395 -11.306952
13.237320 -1.162349
-11.532652 1.512955
-6.479553 -0.660745
-16.111753 9.739184
-18.915899 -11.426276
8.178210 -0.344591
7.228705 2.010827
-2.991682 14.156449
11.048229 -7.876446
-3.236902 12.541187
6.282430 -5.040107
-3.506218 14.073533
-3.816851 11.751194
7.122488 -8.844052
-21.989248 17.096401
8.641472 -2.452344
-2.993344 12.825320
-5.954306 -5.097624
-12.128747 3.416499
-11.921446 2.603761
-13.679214 3.151057
-16.309217 -11.124482
-5.200490 2.070951
-4.636539 0.397522
-20.110558 -1.157767
-16.287739 -11.079531
-19.932070 14.962538
-2.763351 13.580700
12.986444 -1.009323
-16.153555 2.868765
-19.526323 -10.529449
-14.877738 5.307017
-5.498183 2.586048
7.741397 0.612177
-5.921981 0.786533
8.244266 -9.124050
-20.854214 8.191127
6.275727 -2.500039
-14.643684 -12.158383
6.505808 -2.062884
-0.901569 15.078449
-22.243746 15.737288
-6.520296 0.206988
-20.923958 14.405573
-14.846781 8.060620
-16.581766 10.046814
-15.952395 2.143710
5.303721 -4.237749
-13.159292 -7.589983
-24.228191 14.286716
7.609753 -2.129262
-8.135078 -9.073845
-4.230018 0.178224
-19.301153 -9.462297
12.222065 -2.873971
-19.232790 2.639540
-21.331852 16.677444
3.682836 1.743801
-13.748223 -6.827653
-22.222372 -1.788741
9.519712 -7.189805
-7.135247 15.458508
-13.478955 -9.558658
1.110775 -11.557185
4.399054 -9.826224
-18.725374 -4.111021
-15.459109 9.567327
1.477766 -6.127462
0.890345 14.895767
-24.735849 14.763045
-15.884524 -9.989614
-7.204797 -11.376033
-6.359887 -4.285831
-19.395084 -9.485666
-16.687166 -3.222732
-19.356068 2.543151
13.380503 0.693915
3.272581 0.996194
-6.615605 0.612375
-22.020903 -1.984268
10.873799 -3.620192
-8.198318 14.439217
-4.657401 1.312827
0.873210 -12.007041
-17.381969 8.340001
-19.752642 -4.121901
5.998608 -3.345368
-0.278795 -9.559809
-7.753043 11.336888
-24.999884 14.662973
-7.233014 -4.522687
-7.370591 -11.612151
6.700238 -6.704197
-19.944838 -10.014387
-13.616621 0.860894
-18.921831 -4.045356
8.089316 -11.151184
1.105615 -12.281925
-16.048899 -2.115106
-18.834803 -4.085016
-12.520198 -4.081736
0.148826 -9.306598
9.431929 -8.965128
-6.728186 14.381999
-14.812989 -4.344680
-17.015251 -9.265130
12.252090 -0.302232
2.860102 -11.058919
6.306572 -0.983903
-8.215257 -9.130974
-12.140021 2.533910
-20.044836 6.659876
-21.147301 17.386181
-6.217399 15.629592
8.651642 -3.829316
-18.332926 -9.103528
-12.392220 -0.180444
-21.543011 -1.711854
-1.910709 -7.489037
-25.047945 13.135942
-23.659262 15.335806
-21.665850 -1.719734
-9.708014 12.410107
3.098196 1.230665
-20.990072 4.935363
-18.775837 -9.355264
-12.677456 -9.122935
-24.495615 13.247466
-15.529730 10.164067
-16.869093 -3.638601
-15.737979 9.632915
-7.562163 -11.402651
8.165810 0.720473
0.862157 -12.094706
-13.709596 -9.485043
-7.543787 -11.813251
12.274648 0.482242
-18.806644 -4.233858
-8.075890 12.204017
-19.621342 -4.612909
12.164295 -0.216767
-21.313208 -3.687966
-0.569218 -8.478210
1.176686 -10.577025
-15.683222 3.273266
-8.099797 -8.902943
-14.350253 7.546264
2.920849 -11.619328
-6.131312 2.753290
2.434273 -11.576079
7.349968 -4.677436
-23.028034 11.011643
-19.215908 12.426666
-8.403050 -9.152550
7.286370 -4.668688
3.940403 1.549404
-24.032858 12.026260
3.374929 1.377527
-9.655684 2.338207
3.085137 1.128428
-7.077306 -2.303325
-21.680359 -0.340188
-4.003288 0.253114
0.970480 -10.869452
-6.575330 -2.336843
-0.694446 -9.591256
-5.826216 15.932675
3.336407 1.210874
10.237823 0.089890
1.701255 -4.162541
-16.702137 -10.934761
1.110460 -12.002699
-17.738626 3.656757
-19.379723 -9.486323
9.987175 -1.014155
-7.798819 14.794321
5.720427 -2.467391
-21.767868 -2.283639
-8.346709 -7.501557
-18.467522 4.405981
-16.873402 -9.084054
0.215388 -9.215277
12.376021 -2.899384
3.779281 1.391668
-11.195642 6.099992
-19.111900 2.699868
-2.432330 12.279918
0.182113 -9.072750
-12.411051 -8.061962
-24.970798 14.747662
-6.856012 13.236504
-16.502743 -2.957287
-11.762694 2.927230
1.104757 -11.276308
-15.111807 10.435824
-8.529140 14.295440
-3.932278 11.063482
-19.022572 2.775717
-11.563017 3.130112
-24.560310 14.833321
2.704650 2.430850
3.402002 1.166939
-6.801590 12.472542
-6.675596 15.619235
9.365085 -4.612415
-19.329851 2.614147
7.749940 -3.025278
0.755091 -11.570349
8.504750 -7.074467
-23.444269 12.348593
-0.693373 13.801373
-7.786704 -9.446536
-0.733093 13.702099
-8.913498 -9.972582
-2.170686 14.187808
-18.727060 -9.192944